36
133
639
479
60
0.926265
392
374
419
436
51
0.766492
381
417
414
441
51
0.761656
174
361
208
398
51
0.670696
445
365
478
412
51
0.569844
367
352
499
467
51
0.531412
279
60
403
123
45
0.988711
513
321
639
450
45
0.982090
418
241
573
345
45
0.978345
230
197
415
293
45
0.949100
348
334
556
479
45
0.945511
364
46
454
106
45
0.910300
192
71
276
100
45
0.738068
114
85
208
131
45
0.581834
456
400
598
476
44
0.948738
230
42
314
91
44
0.931973
542
253
608
369
44
0.900970
306
200
453
224
44
0.759866
523
212
612
259
44
0.750151
460
110
530
145
44
0.696974
